299 1 0 0 11.0760 5.4723 0.4941
299 1 0 0 17.5850 7.8943 0.4489
298 1 0 0 16.5920 8.1066 0.4886
297 1 0 0 16.3420 8.5215 0.5000
296 1 0 0 16.5180 8.1588 0.4939
295 1 0 0 17.0980 8.0522 0.4709
294 1 0 0 27.9560 8.3546 0.2988
293 1 0 0 16.2250 8.1166 0.5000
292 1 0 0 17.9210 8.3615 0.4666
291 1 0 0 10.1180 8.4414 0.5000
290 1 0 0 17.2470 8.2756 0.4798
289 1 0 0 16.6570 8.6135 0.5000
288 1 0 0 16.6020 8.7374 0.5000
287 1 0 0 16.1650 8.8475 0.5000
286 1 0 0 20.1200 8.9715 0.4459
285 1 0 0 18.1560 8.0789 0.4450
284 1 0 0 21.1880 7.9792 0.3766
283 1 0 0 22.2840 8.3117 0.3730
282 1 0 0 31.5660 8.4952 0.2691
281 1 0 0 17.7650 8.7492 0.4925
280 1 0 0 16.5730 8.8536 0.5000
279 1 0 0 20.8320 8.8454 0.4246
278 1 0 0 27.3410 7.9938 0.2924
277 1 0 0 14.8730 7.8863 0.5000
276 1 0 0 18.0220 8.7216 0.4839
275 1 0 0 21.6570 7.8943 0.3645
274 1 0 0 10.0660 8.1381 0.5000
273 1 0 0 18.5720 8.2953 0.4467
272 1 0 0 17.1260 7.8076 0.4559
271 1 0 0 17.2990 8.1654 0.4720
270 1 0 0 10.6370 8.3528 0.5000
269 1 0 0 16.1580 8.3235 0.5000
268 1 0 0 17.8500 7.9633 0.4461
267 1 0 0 17.6110 7.8513 0.4458
266 1 0 0 16.2700 9.0261 0.5000
265 1 0 0 18.3500 8.6869 0.4734
264 1 0 0 18.3670 8.4668 0.4610
263 1 0 0 16.5940 8.0851 0.4872
262 1 0 0 17.9750 7.9944 0.4448
261 1 0 0 17.4000 7.7656 0.4463
260 1 0 0 24.4810 8.1527 0.3330
259 1 0 0 11.1460 7.9560 0.5000
258 1 0 0 17.4170 9.2138 0.5000
257 1 0 0 10.2750 8.5552 0.5000
256 1 0 0 15.1530 7.7935 0.5000
255 1 0 0 15.4850 8.2343 0.5000
254 1 0 0 18.6390 8.3322 0.4470
253 1 0 0 17.0960 7.7807 0.4551
252 1 0 0 15.6830 7.6412 0.4872
251 1 0 0 14.3980 7.8992 0.5000
250 1 0 0 31.7150 7.7533 0.2445
249 1 0 0 17.9660 8.1320 0.4526
248 1 0 0 15.3100 7.9923 0.5000
247 1 0 0 10.2600 8.3974 0.5000
246 1 0 0 14.2230 7.9229 0.5000
245 1 0 0 19.8150 8.0073 0.4041
244 1 0 0 18.1040 7.8886 0.4357
243 1 0 0 18.4620 9.3565 0.5000
242 1 0 0 14.8190 7.8569 0.5000
241 1 0 0 18.4330 8.1083 0.4399
240 1 0 0 23.2550 8.8293 0.3797
239 1 0 0 10.8830 9.1256 0.5000
238 1 0 0 18.0550 8.2790 0.4585
237 1 0 0 22.4620 8.1846 0.3644
236 1 0 0 17.2110 7.8991 0.4590
235 1 0 0 17.8230 8.0172 0.4498
234 1 0 0 15.5140 7.8729 0.5000
233 1 0 0 10.0570 8.2097 0.5000
232 1 0 0 14.2200 8.5412 0.5000
231 1 0 0 15.4060 8.3411 0.5000
230 1 0 0 14.1670 8.1117 0.5000
229 1 0 0 17.4590 7.7993 0.4467
228 1 0 0 18.3080 8.7277 0.4767
227 1 0 0 11.8350 7.8473 0.5000
226 1 0 0 10.1240 7.8942 0.5000
225 1 0 0 17.1780 7.8481 0.4569
224 1 0 0 16.8860 7.9252 0.4693
223 1 0 0 16.7550 7.8783 0.4702
222 1 0 0 16.2600 8.0216 0.4933
221 1 0 0 10.2530 8.6512 0.5000
220 1 0 0 14.5860 8.0888 0.5000
219 1 0 0 17.9340 8.5526 0.4769
218 1 0 0 16.3550 8.0828 0.4942
217 1 0 0 17.0840 8.0196 0.4694
216 1 0 0 17.0490 8.0817 0.4740
215 1 0 0 13.2800 8.0547 0.5000
214 1 0 0 18.8400 8.4522 0.4486
213 1 0 0 13.8230 7.7458 0.5000
212 1 0 0 14.9950 7.9827 0.5000
211 1 0 0 14.1650 7.7384 0.5000
210 1 0 0 16.8500 7.7725 0.4613
209 1 0 0 17.5510 8.2509 0.4701
208 1 0 0 17.9310 8.3808 0.4674
207 1 0 0 17.6290 7.9796 0.4526
206 1 0 0 17.9170 8.2363 0.4597
205 1 0 0 13.8310 8.0101 0.5000
204 1 0 0 17.6780 9.3316 0.5000
203 1 0 0 15.5240 8.1183 0.5000
202 1 0 0 14.8360 7.7193 0.5000
201 1 0 0 14.9620 9.1857 0.5000
200 1 0 0 11.1560 7.8225 0.5000
199 1 0 0 23.1890 8.4647 0.3650
198 1 0 0 10.6220 8.1335 0.5000
197 1 0 0 18.2860 7.9041 0.4322
196 1 0 0 17.5110 7.8055 0.4457
195 1 0 0 16.4230 7.9816 0.4860
194 1 0 0 17.1420 7.9141 0.4617
193 1 0 0 15.6720 7.8801 0.5000
192 1 0 0 17.4450 8.0540 0.4617
191 1 0 0 15.5270 8.5544 0.5000
190 1 0 0 17.4770 7.9549 0.4552
189 1 0 0 17.1070 7.8867 0.4610
188 1 0 0 14.6850 8.0758 0.5000
187 1 0 0 15.1360 7.9598 0.5000
186 1 0 0 17.0370 8.3575 0.4905
185 1 0 0 14.7110 8.0579 0.5000
184 1 0 0 14.8360 8.5925 0.5000
183 1 0 0 15.6840 7.9435 0.5000
182 1 0 0 16.5400 7.8242 0.4730
181 1 0 0 20.5010 8.5661 0.4178
180 1 0 0 17.4160 8.1770 0.4695
179 1 0 0 17.1120 7.9033 0.4619
178 1 0 0 14.2980 7.9380 0.5000
177 1 0 0 13.0320 9.1208 0.5000
176 1 0 0 17.9020 7.9041 0.4415
175 1 0 0 18.3190 8.1769 0.4464
174 1 0 0 13.6910 7.8371 0.5000
173 1 0 0 14.6720 7.7193 0.5000
172 1 0 0 10.9070 7.8436 0.5000
171 1 0 0 16.6090 8.1017 0.4878
170 1 0 0 13.6670 8.5370 0.5000
169 1 0 0 30.2430 7.9483 0.2628
168 1 0 0 17.8740 8.2366 0.4608
167 1 0 0 18.4920 8.5229 0.4609
166 1 0 0 17.0080 7.6616 0.4505
165 1 0 0 17.4330 7.8863 0.4524
164 1 0 0 10.2310 8.6209 0.5000
163 1 0 0 15.1880 8.2331 0.5000
162 1 0 0 17.5180 7.9140 0.4518
161 1 0 0 10.0390 7.9445 0.5000
160 1 0 0 17.4130 8.1290 0.4668
159 1 0 0 10.1240 8.1268 0.5000
158 1 0 0 10.8080 7.8738 0.5000
157 1 0 0 19.2510 8.7112 0.4525
156 1 0 0 10.2340 7.6779 0.5000
155 1 0 0 10.3360 7.8592 0.5000
154 1 0 0 17.6890 7.8169 0.4419
153 1 0 0 13.6110 8.3175 0.5000
152 1 0 0 10.7940 8.1617 0.5000
151 1 0 0 14.3980 7.9335 0.5000
150 1 0 0 10.8340 7.9223 0.5000
149 1 0 0 10.5920 8.5702 0.5000
148 1 0 0 16.3180 7.9772 0.4889
147 1 0 0 10.8270 8.0566 0.5000
146 1 0 0 9.8550 8.2562 0.5000
145 1 0 0 10.3930 7.9406 0.5000
144 1 0 0 15.2540 7.9683 0.5000
143 1 0 0 18.0460 8.1052 0.4491
142 1 0 0 14.2570 8.0336 0.5000
141 1 0 0 16.2180 8.0581 0.4969
140 1 0 0 15.1980 7.8845 0.5000
139 1 0 0 10.5400 7.6318 0.5000
138 1 0 0 18.7630 9.0486 0.4823
137 1 0 0 18.0640 7.9894 0.4423
136 1 0 0 15.2000 7.9794 0.5000
135 1 0 0 10.1190 7.8433 0.5000
134 1 0 0 13.6440 7.8535 0.5000
133 1 0 0 11.9520 7.8878 0.5000
132 1 0 0 17.5800 7.8821 0.4484
131 1 0 0 13.1750 8.9195 0.5000
130 1 0 0 10.3420 8.0658 0.5000
129 1 0 0 16.5300 8.2893 0.5000
128 1 0 0 10.3300 7.9857 0.5000
127 1 0 0 14.8040 8.1692 0.5000
126 1 0 0 15.3700 7.9794 0.5000
125 1 0 0 16.8770 7.9724 0.4724
124 1 0 0 13.8020 8.8665 0.5000
123 1 0 0 15.2050 8.1178 0.5000
122 1 0 0 10.3500 8.1767 0.5000
121 1 0 0 16.3160 8.2653 0.5000
120 1 0 0 18.2860 8.1746 0.4470
119 1 0 0 15.5640 8.5615 0.5000
118 1 0 0 18.5930 8.1824 0.4401
117 1 0 0 18.2920 8.4771 0.4634
116 1 0 0 10.4100 7.7156 0.5000
115 1 0 0 10.9090 7.9910 0.5000
114 1 0 0 15.7210 8.7138 0.5000
113 1 0 0 16.0630 8.1481 0.5000
112 1 0 0 18.8340 8.4223 0.4472
111 1 0 0 21.5240 9.1523 0.4252
110 1 0 0 9.8730 8.2940 0.5000
109 1 0 0 10.4520 8.1010 0.5000
108 1 0 0 10.0700 7.8203 0.5000
107 1 0 0 10.2770 8.4351 0.5000
106 1 0 0 15.3060 8.0814 0.5000
105 1 0 0 15.2100 8.0305 0.5000
104 1 0 0 10.8110 8.0377 0.5000
103 1 0 0 18.2010 8.0334 0.4414
102 1 0 0 13.2360 7.7503 0.5000
101 1 0 0 9.9860 7.5407 0.5000
100 1 0 0 10.1600 7.8551 0.5000
99 1 0 0 22.2000 8.1238 0.3659
98 1 0 0 10.8100 7.8888 0.5000
97 1 0 0 9.9760 7.7844 0.5000
96 1 0 0 10.1740 8.0041 0.5000
95 1 0 0 10.3980 7.7005 0.5000
94 1 0 0 10.2360 7.5209 0.5000
93 1 0 0 10.2410 7.7830 0.5000
92 1 0 0 10.2680 7.6940 0.5000
91 1 0 0 10.6540 8.1617 0.5000
90 1 0 0 9.9690 7.9466 0.5000
89 1 0 0 13.0780 8.0393 0.5000
88 1 0 0 9.9270 7.7476 0.5000
87 1 0 0 9.9630 7.9960 0.5000
86 1 0 0 17.3270 7.9096 0.4565
85 1 0 0 17.4970 7.9264 0.4530
84 1 0 0 10.3310 7.8991 0.5000
83 1 0 0 10.8740 8.8306 0.5000
82 1 0 0 9.8060 9.1396 0.5000
81 1 0 0 10.2380 7.7123 0.5000
80 1 0 0 17.5950 8.0481 0.4574
79 1 0 0 10.2340 7.8461 0.5000
78 1 0 0 15.1510 9.0217 0.5000
77 1 0 0 9.9010 7.8372 0.5000
76 1 0 0 10.4940 7.8180 0.5000
75 1 0 0 10.1800 7.8305 0.5000
74 1 0 0 10.2830 8.5940 0.5000
73 1 0 0 10.5440 8.2208 0.5000
72 1 0 0 10.2790 7.7543 0.5000
71 1 0 0 10.3170 7.8322 0.5000
70 1 0 0 10.3820 7.9155 0.5000
69 1 0 0 15.3350 8.1977 0.5000
68 1 0 0 10.3250 8.2917 0.5000
67 1 0 0 10.2230 7.6937 0.5000
66 1 0 0 16.7040 7.8316 0.4688
65 1 0 0 9.9810 8.4451 0.5000
64 1 0 0 11.1220 7.9270 0.5000
63 1 0 0 15.8710 7.7779 0.4901
62 1 0 0 17.5610 8.3808 0.4772
61 1 0 0 10.2490 7.9289 0.5000
60 1 0 0 10.1120 7.9057 0.5000
59 1 0 0 13.4740 8.1423 0.5000
58 1 0 0 15.4190 8.9805 0.5000
57 1 0 0 10.4730 7.8134 0.5000
56 1 0 0 10.0600 7.7156 0.5000
55 1 0 0 20.6440 8.5876 0.4160
54 1 0 0 10.0430 7.9491 0.5000
53 1 0 0 9.8850 7.8473 0.5000
52 1 0 0 9.9720 7.8009 0.5000
51 1 0 0 10.4110 7.9923 0.5000
50 1 0 0 10.3110 8.6067 0.5000
49 1 0 0 15.4600 8.3051 0.5000
48 1 0 0 17.5420 8.1198 0.4629
47 1 0 0 9.9330 7.8125 0.5000
46 1 0 0 9.9810 7.7710 0.5000
45 1 0 0 14.6880 8.4464 0.5000
44 1 0 0 10.2370 8.4001 0.5000
43 1 0 0 10.3820 8.0669 0.5000
42 1 0 0 10.2760 8.0423 0.5000
41 1 0 0 10.2660 7.8746 0.5000
40 1 0 0 10.2790 7.8574 0.5000
39 1 0 0 10.2480 8.0287 0.5000
38 1 0 0 15.4870 8.3833 0.5000
37 1 0 0 13.4480 8.1582 0.5000
36 1 0 0 10.3080 7.7655 0.5000
35 1 0 0 14.2070 7.9484 0.5000
34 1 0 0 10.1260 7.9460 0.5000
33 1 0 0 16.2690 8.7517 0.5000
32 1 0 0 10.2630 8.1038 0.5000
31 1 0 0 10.2860 7.9322 0.5000
30 1 0 0 11.7020 8.4118 0.5000
29 1 0 0 10.2550 8.3082 0.5000
28 1 0 0 10.0290 7.9034 0.5000
27 1 0 0 10.0900 8.2087 0.5000
26 1 0 0 10.0130 8.2018 0.5000
25 1 0 0 10.0590 8.4024 0.5000
24 1 0 0 13.2050 8.6556 0.5000
23 1 0 0 10.5660 8.2098 0.5000
22 1 0 0 10.4430 8.3342 0.5000
21 1 0 0 10.1240 8.2299 0.5000
20 1 0 0 10.0650 8.0363 0.5000
19 1 0 0 16.1700 8.8619 0.5000
18 1 0 0 9.9490 8.2617 0.5000
17 1 0 0 10.1740 8.0132 0.5000
16 1 0 0 11.5080 8.4080 0.5000
15 1 0 0 10.2160 8.1937 0.5000
14 1 0 0 10.1270 8.5018 0.5000
13 1 0 0 10.5720 8.8614 0.5000
12 1 0 0 13.5730 8.3184 0.5000
11 1 0 0 10.0680 8.2977 0.5000
10 1 0 0 10.3500 8.0201 0.5000
9 1 0 0 10.2830 8.3008 0.5000
8 1 0 0 9.9080 8.1098 0.5000
7 1 0 0 9.8780 8.6485 0.5000
6 1 0 0 10.0860 8.7320 0.5000
5 1 0 0 10.1740 8.3924 0.5000
4 1 0 0 17.2920 8.4641 0.4895
3 1 0 0 10.1760 8.4734 0.5000
2 1 0 0 15.7280 8.8156 0.5000
1 1 0 0 10.0780 8.7136 0.5000
0 1 0 0 15.6150 9.2904 0.5000
